Giris Matrisi (5x5):
[[5. 6. 0. 1. 6.]
 [3. 0. 4. 2. 1.]
 [7. 3. 5. 9. 4.]
 [8. 5. 7. 6. 8.]
 [2. 5. 0. 2. 3.]]

Kernel (3x3):
[[ 1.  1.  1.]
 [ 2. -1.  2.]
 [-1.  1.  2.]]

Cikis (3x3):
[[31. 27. 27.]
 [39. 39. 31.]
 [43. 31. 50.]]

Adimlar:
Pozisyon (0,0): sum([5. 6. 0. 3. 0. 4. 7. 3. 5.] * [ 1.  1.  1.  2. -1.  2. -1.  1.  2.]) = 31
Pozisyon (0,1): sum([6. 0. 1. 0. 4. 2. 3. 5. 9.] * [ 1.  1.  1.  2. -1.  2. -1.  1.  2.]) = 27
Pozisyon (0,2): sum([0. 1. 6. 4. 2. 1. 5. 9. 4.] * [ 1.  1.  1.  2. -1.  2. -1.  1.  2.]) = 27
Pozisyon (1,0): sum([3. 0. 4. 7. 3. 5. 8. 5. 7.] * [ 1.  1.  1.  2. -1.  2. -1.  1.  2.]) = 39
Pozisyon (1,1): sum([0. 4. 2. 3. 5. 9. 5. 7. 6.] * [ 1.  1.  1.  2. -1.  2. -1.  1.  2.]) = 39
Pozisyon (1,2): sum([4. 2. 1. 5. 9. 4. 7. 6. 8.] * [ 1.  1.  1.  2. -1.  2. -1.  1.  2.]) = 31
Pozisyon (2,0): sum([7. 3. 5. 8. 5. 7. 2. 5. 0.] * [ 1.  1.  1.  2. -1.  2. -1.  1.  2.]) = 43
Pozisyon (2,1): sum([3. 5. 9. 5. 7. 6. 5. 0. 2.] * [ 1.  1.  1.  2. -1.  2. -1.  1.  2.]) = 31
Pozisyon (2,2): sum([5. 9. 4. 7. 6. 8. 0. 2. 3.] * [ 1.  1.  1.  2. -1.  2. -1.  1.  2.]) = 50